% clear
% close all
dd_angle = [ -1.37158 -0.616064   2.17244
 -1.43915 -0.629515   1.75277
-1.81554 -0.90427  1.12393
  -1.7949 -0.863607   1.83317
 -1.62343 -0.446149   1.71317
 -1.93333 -0.250682   1.30936
 -1.79643 -0.322166    1.6658
-2.16551 0.228456   1.5514
 -1.70353 -0.633199    1.7307
  -1.80681 -0.0878163    1.30025
 -2.7308 -1.06751  1.98518
-1.93946 0.261767  1.16411
 -2.14302 -0.243396   1.21727
  -2.5475 -0.770942   1.95209
-1.52826 -1.04847  1.67397
-1.02303   -4.521  1.55256
 -2.39423 -0.939736   2.10056
-1.77121 -1.17495  1.34131
 -1.48718 -0.498677   1.85212
-1.76592 -1.03505  1.44417
 3.33046 -2.73257  7.85983
 2.30366 -2.04603  6.97123
-1.17231 -4.13808  1.22727
 -1.79855 -0.518849   1.62858
  -1.8668 -0.321952   1.49158
 -1.68379 -0.935784  0.772103
 1.09432 -3.12192  2.32706
-1.71505 0.181988 0.762157
-1.70076 -1.01026  1.64018
 1.83832 -2.08249   4.0983
-0.900562   -4.6965   2.39251
-0.462054  -5.19615   1.88072
-1.63941 -1.14795 0.944379
-1.27796 -1.21778  2.31288
 1.85653 -2.29116  6.10676
  2.46412 -0.985379   3.24111
0.384642 -3.05278  2.91219
-1.79573 -1.15161 0.747596
-0.696958  -4.78254   2.10521
-1.25526 -1.05572  1.85125
  -1.73004 -0.0727815     1.5323
 4.21985 -3.20053  6.24451
 5.82758 -3.78193  6.42535
-1.40887 -3.90697  1.49333
-0.932588  -1.10828   2.02953
 3.47566 -1.86963  2.79351
 -1.53915 -0.873041   1.82746
-0.0125527   -4.47461    3.62772
-1.76397 0.317869  1.26898
 2.16186 -1.87269  4.02287
 0.251157 -0.458517   2.34082
0.371671 -4.61799  3.52509
-1.10449 -3.06893  2.28035
-1.63924  -3.9286  1.25634
0.0711303  -3.92804    3.6622
  1.50673 -0.691894   3.01215
-1.61831  0.32246  1.67537
0.704527  -4.1622   2.9393
 3.11228 -2.97224  4.70399
5.02453 -2.0587 4.82106
 3.75547 -2.49013  3.04862
 2.66546 -3.33865  1.34493
 0.817382 0.0219599   0.88746
 1.95956 -3.06731  1.89914
 2.12252 -2.39026  4.06429
0.197675 0.112065  1.02811
-1.71741 -2.67334   1.0246
-0.776366  -4.74234   1.63442
-0.0932731   -2.25048     2.5097
 2.00592 -2.99451  6.27838
 3.83201 -1.65641  4.28227
 1.46174 -4.23185  2.51759
-1.40177 0.366282  2.16901
0.339069 0.103295 0.582061
-1.56964 -1.18258  1.13071
-0.0212066   0.185899   0.270363
  1.38578 -0.842518   4.25422
 -1.4965 -4.27061   2.5343
 -1.19458 -0.742271   2.10569
 5.09619 -2.87624  4.86192
0.0828283  0.162376  0.210672
-0.749515   -1.1222   2.14128
-1.99497 -2.86505  1.70322
0.634703 -8.10724  2.82638
0.255693  0.14525 0.319429
-1.39283 -1.19959  1.76787
0.0583702   0.17082   0.27299
-1.72934 -3.13454  1.17708
-1.47094 0.203857  2.04691
  0.878135 -0.0628109   0.870632
0.148205 0.143512 0.255745
0.206317 0.146117 0.221421
-1.20204 -4.40448   2.4297
0.0975608  0.156873  0.234732
0.0851996  0.148705  0.252154
 -1.43747 -0.076561   2.08031
0.0768987  0.163904  0.371473
0.0124344  0.168706  0.174792
 1.44546 -2.95589  2.90618
0.0257026  0.177478  0.298296
0.0722602  0.164786  0.181724
0.197676 0.136608 0.182742
-0.030699 -0.444221   1.83041
0.588344 -2.87001  3.37953
-1.66087 -1.16977  1.53416
0.125984 0.145563 0.198223
-0.00321212    0.180549    0.306547
0.0482578  0.173029  0.321691
0.116879 0.149445  0.31755
2.14791 -2.8935 2.35365
-0.903154  -1.70701   2.08147
 4.83296 -3.77027   5.2846
 0.116447 -0.613954   2.28309
 1.96991 -4.60341   2.5338
0.239988 0.137085 0.241715
-0.0192243    0.17929   0.197414
 6.30847 -2.40696  4.65638
-0.0236604   0.183375   0.405204
0.0254334  0.171942  0.398178
-0.781477  0.380911   1.65633
-0.85341  -1.3405  2.02649
0.0818717  0.156978  0.307961
 0.724539 -0.594452   3.30474
-0.0642677   0.165515   0.923644
-0.0422774   0.183287   0.227204
0.210125 0.143137 0.323659
0.116065 0.152987 0.384886
-0.0629098   0.182064   0.214843
-0.0833589   0.189697   0.260672
0.527332  0.06748  0.83034
0.400865 0.120112  0.36335
0.098206 0.157449 0.151286
0.0355726   0.16757  0.193716
 0.23833 0.137975 0.186311
 1.17106 -0.02344 0.612439
-2.29347 -1.10102  1.73135
0.116134 0.145646  0.23477
 0.85886 -3.89757  3.11952
-1.79279 0.103023  1.11413
0.0968141  0.161699   0.19343
0.0858172  0.163449  0.142732
 2.76472 -2.83938  1.84785
0.136024 0.137926 0.148896
0.150778  0.14502  0.19902
   -1.6083 -0.0425506   0.556767
-0.0440185   -2.19379    2.91789
  1.52648 -0.855461   2.71969
-0.00989964    0.179974    0.223603
-0.0503089   0.193932   0.383259
0.379268 0.130816 0.276842
0.0345537  0.168444  0.236814
 0.566869 0.0642279  0.763822
0.150808 0.157863 0.546818
 -1.58885 -0.160242   1.64608
-0.450126  -2.78306   2.51969
0.336544 0.122582 0.207759
-1.34892 -1.07347   1.4349
-0.0034198   0.173118   0.158622
0.177029 0.158165 0.480108
0.0501997  0.163109  0.217535
-0.555709  -1.13483   2.08869
-0.045904  0.178771  0.182282
0.144776 0.144246 0.295213
0.0209215  0.169984  0.156084
0.0877288  0.147238  0.408971
0.318385 0.131975 0.411657
-0.77418 -2.91648  2.12743
-1.45652 -0.93753  2.10247
0.649246 -1.13695  3.33089
 0.19149 0.142706 0.358872
-1.30944  0.37846   1.3305
 0.655375 0.0496939  0.618967
-1.72918 0.157025  1.45474
0.0348537  0.166751  0.134219
 3.89687 -1.22528  3.52153
 1.26796 -3.01738  2.51295
  0.31279 0.0805633   0.93631
-0.17435 0.203255 0.239772
-0.388608 -0.530895    2.1318
-0.045195  0.185094  0.271497
-0.0700299   0.189799   0.295507
  1.13565 -0.287889    1.3225
0.271142 0.139771 0.502503
-1.04918 -2.31247   2.3658
0.195997 0.136047 0.247918
-1.10586 -4.51574  2.02434
-0.663997  -0.90961   2.11782
0.0712282  0.167281  0.137423
-0.0942675   0.182388   0.171679
0.698974 -2.49928  3.33005
-0.0390044   0.177094   0.154082
0.0586974  0.179791  0.515979
 1.58757 -3.77048  2.49177
 -1.92924 -0.498712   0.69936
-1.27022 -2.77163  1.92875
0.0393532  0.138767  0.993823
-0.0547742   0.178994   0.156635
 0.100043  0.164157 0.0992311
 2.24998 -4.46739  2.26046
0.309644 0.139905 0.192567
0.0286451  -1.13795   2.33109
 2.11538 -2.53109  2.70848
-0.147864  0.111567   0.79028
0.113111 0.156566 0.189128
-0.11987 0.194394 0.208381
0.218539 0.142235 0.119495
-0.110256  0.181768  0.381388
 0.32736 0.116547 0.152158
0.0572594  0.162426  0.158307
 0.961977 -0.279294    1.4564
0.172188 0.144633 0.143127
   -1.54304 -0.00182499     1.74134
0.0516724  0.161267  0.121821
0.767603 0.114697  1.54316
0.0206644  0.171947  0.119129
-0.116903  0.187503  0.174233
0.345789  0.10987 0.510449
0.163673 0.140899 0.236918
-0.0931293   0.185759   0.200511
-0.0653766   0.185383   0.135352
0.0374325  0.168544  0.160839
0.0174491  0.170249  0.206793
-0.14472 0.184764 0.150293
  0.42534 0.0762001   0.48822
 -0.66583 -0.565621   2.96121
-0.700414  0.280552  0.717927
-0.110381   0.19301   0.25767
0.139098 0.159772 0.674977
 5.52399 -3.01208  7.93643
 0.886184 0.0157697  0.664392
-0.103664  0.195164  0.318796
-0.020318  0.115253   1.23142
 -1.19023 -0.269094   2.18343
-0.852816 -0.385009   2.21035
0.0462683 -0.940257   2.39504
-0.0742439   0.183666   0.347772
 6.47101 -3.66247  16.0608
 -1.68562 0.0629005    1.5893
-0.573751  -3.00242   2.24342
-0.00540642    0.171088    0.120301
-0.209132  0.219649  0.349943
-0.893727  -2.46721   2.15456
-0.218061  -0.40177   1.87517
-0.0242843   0.174937   0.154883
-1.53133 0.346081  1.90111
0.308367 0.133543 0.240131
  1.36956 -0.197488  0.928587
0.394489 0.111822 0.488621
0.564063 -1.44899  3.34636
 6.65426 -1.97417  4.77895
0.00907158   0.170471  0.0941175
0.112735  0.14895 0.157701
-0.204894  0.207317  0.232801
-0.150502  0.203916  0.304086
-0.344006  0.222076  0.320062
-0.469721  0.258528  0.630233
 0.34205 0.154799 0.513809
 0.705181 -0.241972   1.57089
-0.129628  0.189584  0.235273
0.0560979  0.166579  0.103566
0.272029  0.12322 0.715938
  0.0545909 -0.00733794     1.68697
-0.0529572    0.17775   0.439424
  1.16491 -0.206664   1.06111
-0.108193  0.174372  0.805662
-0.0965823   0.185025   0.126137
0.00673861   0.168412   0.113121
0.912661 -3.92045  2.58358
 0.12001 0.136723  1.05611
0.0555074  0.168228   0.19606
-0.0477291    0.15464   0.476137
   0.29214 -0.0908419    1.58343
0.243775 0.138745 0.159285
-0.895963 -0.726133   2.19892
0.0414454  0.169798  0.104828
