r=[ 9.9994553125238950e-01, -6.0747820760557059e-03,       -8.4871403372997825e-03, 5.9415266346288407e-03,       9.9986005288079172e-01, -1.5638827144976226e-02,       8.5809550532900958e-03, 1.5587548747281642e-02,       9.9984168523542993e-01 ];
r = reshape(r,[3,3])
l515 = rotm2eul(r)*180/pi


r=[ -9.9998768053014886e-01, 4.7832548584973060e-03,       1.3263713255010664e-03, -4.7854451022498121e-03,       -9.9998718334240633e-01, -1.6530777644188934e-03,       1.3184472336058139e-03, -1.6594046765405954e-03,       9.9999775403398361e-01 ]
r = reshape(r,[3,3])
t265 = rotm2eul(r)*180/pi


r = [ -9.9955564625091653e-01, 1.8641456255618739e-02,       2.3259539044931686e-02, -2.9472276769232607e-02,       -5.0130637182827620e-01, -8.6476777603377886e-01,       -4.4603755391895601e-03, -8.6506902480266867e-01,       5.0163302062066184e-01 ]
r = reshape(r,[3,3])
l515_t265 = rotm2eul(r)*180/pi

r=[ 9.9995865099401360e-01, 8.5610967989276174e-03,       -3.0665817830251092e-03, -6.8760146048402688e-03,       4.9112190510495946e-01, -8.7106371451761733e-01,       -5.9511952905793204e-03, 8.7104878275999820e-01,       4.9116046392898804e-01 ]
r = reshape(r,[3,3])
t265_l515 = rotm2eul(r)*180/pi